00111100001000000000000000000001
00110101000000010000000000000001
00111100001000000000000000000001
00110101001000010000000000000001
00111100001000000000000000000000
00110101010000010000000000000000
00111100001000000000000000000000
00110101011000010000000000000000
00100001000010000000000000000001
00100001010000000000000000000000
00100001011000000000000000000000
00100001001010010000000000000001
00100001010010100000000000000001
00010001001010000000000000001110
00100001011010110000000000000001
00010001011010010000000000011111
