00111100001000000000000000000101
00110100100000010000000000000101
00100000100000100000000000000000
00000011101111010000000000001000
10101111111000000000000000000100
10101100100000000000000000000000
00101001000001000000000000000001
00010001000000000000000000010101
00111100001000000000000000000001
00110100010000010000000000000001
00000011101111010000000000001000
10001100100000000000000000000000
10001111111000000000000000000100
00000011101111010000000000001000
00000000010001000001000000010110
